0
 1 -10 -25 0 0 0 0 cube 1 1.000000
1
 1 -10 -23 0 0 0 0 cube 1 1.000000
2
 1 -10 -21 0 0 0 0 cube 1 1.000000
3
 1 -10 -19 0 0 0 0 cube 1 1.000000
4
 1 -10 -17 0 0 0 0 cube 1 1.000000
5
 1 -10 -15 0 0 0 0 cube 1 1.000000
6
 1 -10 -13 0 0 0 0 cube 1 1.000000
7
 1 -10 -11 0 0 0 0 cube 1 1.000000
8
 1 -10 -9 0 0 0 0 cube 1 1.000000
9
 1 -10 -7 0 0 0 0 cube 1 1.000000
10
 1 -8 -23 0 0 0 0 cube 1 1.000000
19
 1 -8 -5 0 0 0 0 cube 1 1.000000
20
 1 -6 -23 0 0 0 0 cube 1 1.000000
22
 1 -6 -19 0 0 0 0 cube 1 1.000000
23
 1 -6 -17 0 0 0 0 cube 1 1.000000
26
 1 -6 -11 0 0 0 0 cube 1 1.000000
27
 1 -6 -9 0 0 0 0 cube 1 1.000000
29
 1 -6 -5 0 0 0 0 cube 1 1.000000
30
 1 -4 -23 0 0 0 0 cube 1 1.000000
32
 1 -4 -19 0 0 0 0 cube 1 1.000000
37
 1 -4 -9 0 0 0 0 cube 1 1.000000
39
 1 -4 -5 0 0 0 0 cube 1 1.000000
40
 1 -2 -23 0 0 0 0 cube 1 1.000000
49
 1 -2 -5 0 0 0 0 cube 1 1.000000
50
 1 0 -23 0 0 0 0 cube 1 1.000000
59
 1 0 -5 0 0 0 0 cube 1 1.000000
60
 1 2 -23 0 0 0 0 cube 1 1.000000
62
 1 2 -19 0 0 0 0 pellet 1 0.500000
63
 1 2 -17 0 0 0 0 cube 1 1.000000
66
 1 2 -11 0 0 0 0 cube 1 1.000000
67
 1 2 -9 0 0 0 0 pellet 1 0.500000
69
 1 2 -5 0 0 0 0 cube 1 1.000000
70
 1 4 -23 0 0 0 0 cube 1 1.000000
72
 1 4 -19 0 0 0 0 pellet 1 0.500000
73
 1 4 -17 0 0 0 0 cube 1 1.000000
74
 1 4 -15 0 0 0 0 ghost 1 0.500000
75
 1 4 -13 0 0 0 0 ghost 1 0.500000
76
 1 4 -11 0 0 0 0 cube 1 1.000000
77
 1 4 -9 0 0 0 0 pellet 1 0.500000
79
 1 4 -5 0 0 0 0 cube 1 1.000000
80
 1 6 -23 0 0 0 0 cube 1 1.000000
82
 1 6 -19 0 0 0 0 pellet 1 0.500000
83
 1 6 -17 0 0 0 0 cube 1 1.000000
84
 1 6 -15 0 0 0 0 ghost 1 0.500000
85
 1 6 -13 0 0 0 0 ghost 1 0.500000
86
 1 6 -11 0 0 0 0 cube 1 1.000000
87
 1 6 -9 0 0 0 0 pellet 1 0.500000
89
 1 6 -5 0 0 0 0 cube 1 1.000000
90
 1 8 -23 0 0 0 0 cube 1 1.000000
92
 1 8 -19 0 0 0 0 pellet 1 0.500000
93
 1 8 -17 0 0 0 0 cube 1 1.000000
94
 1 8 -15 0 0 0 0 cube 1 1.000000
95
 1 8 -13 0 0 0 0 cube 1 1.000000
96
 1 8 -11 0 0 0 0 cube 1 1.000000
97
 1 8 -9 0 0 0 0 pellet 1 0.500000
99
 1 8 -5 0 0 0 0 cube 1 1.000000
100
 1 10 -23 0 0 0 0 cube 1 1.000000
109
 1 10 -5 0 0 0 0 cube 1 1.000000
110
 1 12 -23 0 0 0 0 cube 1 1.000000
112
 1 12 -19 0 0 0 0 cube 1 1.000000
113
 1 12 -17 0 0 0 0 cube 1 1.000000
116
 1 12 -11 0 0 0 0 cube 1 1.000000
117
 1 12 -9 0 0 0 0 cube 1 1.000000
119
 1 12 -5 0 0 0 0 cube 1 1.000000
120
 1 14 -23 0 0 0 0 cube 1 1.000000
122
 1 14 -19 0 0 0 0 cube 1 1.000000
123
 1 14 -17 0 0 0 0 pellet 1 0.500000
124
 1 14 -15 0 0 0 0 pellet 1 0.500000
125
 1 14 -13 0 0 0 0 pellet 1 0.500000
126
 1 14 -11 0 0 0 0 pellet 1 0.500000
127
 1 14 -9 0 0 0 0 cube 1 1.000000
129
 1 14 -5 0 0 0 0 cube 1 1.000000
130
 1 16 -23 0 0 0 0 cube 1 1.000000
132
 1 16 -19 0 0 0 0 cube 1 1.000000
133
 1 16 -17 0 0 0 0 pellet 1 0.500000
134
 1 16 -15 0 0 0 0 cube 1 1.000000
135
 1 16 -13 0 0 0 0 cube 1 1.000000
136
 1 16 -11 0 0 0 0 pellet 1 0.500000
137
 1 16 -9 0 0 0 0 cube 1 1.000000
139
 1 16 -5 0 0 0 0 cube 1 1.000000
140
 1 18 -23 0 0 0 0 cube 1 1.000000
142
 1 18 -19 0 0 0 0 cube 1 1.000000
143
 1 18 -17 0 0 0 0 pellet 1 0.500000
144
 1 18 -15 0 0 0 0 pellet 1 0.500000
145
 1 18 -13 0 0 0 0 pellet 1 0.500000
146
 1 18 -11 0 0 0 0 pellet 1 0.500000
147
 1 18 -9 0 0 0 0 cube 1 1.000000
149
 1 18 -5 0 0 0 0 cube 1 1.000000
150
 1 20 -23 0 0 0 0 cube 1 1.000000
152
 1 20 -19 0 0 0 0 cube 1 1.000000
153
 1 20 -17 0 0 0 0 cube 1 1.000000
156
 1 20 -11 0 0 0 0 cube 1 1.000000
157
 1 20 -9 0 0 0 0 cube 1 1.000000
159
 1 20 -5 0 0 0 0 cube 1 1.000000
160
 1 22 -23 0 0 0 0 cube 1 1.000000
169
 1 22 -5 0 0 0 0 cube 1 1.000000
170
 1 24 -23 0 0 0 0 cube 1 1.000000
172
 1 24 -19 0 0 0 0 pellet 1 0.500000
173
 1 24 -17 0 0 0 0 pellet 1 0.500000
174
 1 24 -15 0 0 0 0 pellet 1 0.500000
175
 1 24 -13 0 0 0 0 pellet 1 0.500000
176
 1 24 -11 0 0 0 0 pellet 1 0.500000
177
 1 24 -9 0 0 0 0 pellet 1 0.500000
179
 1 24 -5 0 0 0 0 cube 1 1.000000
180
 1 26 -23 0 0 0 0 cube 1 1.000000
182
 1 26 -19 0 0 0 0 cube 1 1.000000
183
 1 26 -17 0 0 0 0 cube 1 1.000000
184
 1 26 -15 0 0 0 0 cube 1 1.000000
185
 1 26 -13 0 0 0 0 cube 1 1.000000
186
 1 26 -11 0 0 0 0 cube 1 1.000000
187
 1 26 -9 0 0 0 0 cube 1 1.000000
189
 1 26 -5 0 0 0 0 cube 1 1.000000
190
 1 28 -23 0 0 0 0 cube 1 1.000000
199
 1 28 -5 0 0 0 0 cube 1 1.000000
200
 1 30 -23 0 0 0 0 cube 1 1.000000
203
 1 30 -17 0 0 0 0 pellet 1 0.500000
204
 1 30 -15 0 0 0 0 cube 1 1.000000
205
 1 30 -13 0 0 0 0 cube 1 1.000000
206
 1 30 -11 0 0 0 0 pellet 1 0.500000
209
 1 30 -5 0 0 0 0 cube 1 1.000000
210
 1 32 -23 0 0 0 0 cube 1 1.000000
213
 1 32 -17 0 0 0 0 cube 1 1.000000
214
 1 32 -15 0 0 0 0 cube 1 1.000000
215
 1 32 -13 0 0 0 0 cube 1 1.000000
216
 1 32 -11 0 0 0 0 cube 1 1.000000
219
 1 32 -5 0 0 0 0 cube 1 1.000000
220
 1 34 -23 0 0 0 0 cube 1 1.000000
223
 1 34 -17 0 0 0 0 pellet 1 0.500000
224
 1 34 -15 0 0 0 0 cube 1 1.000000
225
 1 34 -13 0 0 0 0 cube 1 1.000000
226
 1 34 -11 0 0 0 0 pellet 1 0.500000
229
 1 34 -5 0 0 0 0 cube 1 1.000000
230
 1 36 -23 0 0 0 0 cube 1 1.000000
239
 1 36 -5 0 0 0 0 cube 1 1.000000
240
 1 38 -23 0 0 0 0 cube 1 1.000000
241
 1 38 -21 0 0 0 0 cube 1 1.000000
242
 1 38 -19 0 0 0 0 cube 1 1.000000
243
 1 38 -17 0 0 0 0 cube 1 1.000000
244
 1 38 -15 0 0 0 0 cube 1 1.000000
245
 1 38 -13 0 0 0 0 cube 1 1.000000
246
 1 38 -11 0 0 0 0 cube 1 1.000000
247
 1 38 -9 0 0 0 0 cube 1 1.000000
248
 1 38 -7 0 0 0 0 cube 1 1.000000
249
 1 38 -5 0 0 0 0 cube 1 1.000000
