0
 1 -10 -25 0 0 90 0 wall 1 1.000000
1
 1 -8 -25 0 0 90 0 wall 1 1.000000
2
 1 -6 -25 0 0 90 0 wall 1 1.000000
3
 1 -4 -25 0 0 90 0 wall 1 1.000000
4
 1 -2 -25 0 0 90 0 wall 1 1.000000
5
 1 0 -25 0 0 90 0 wall 1 1.000000
6
 1 2 -25 0 0 90 0 wall 1 1.000000
7
 1 4 -25 0 0 90 0 wall 1 1.000000
8
 1 6 -25 0 0 90 0 wall 1 1.000000
9
 1 8 -25 0 0 90 0 wall 1 1.000000
10
 1 -10 -23 0 0 90 0 wall 1 1.000000
19
 1 8 -23 0 0 90 0 wall 1 1.000000
20
 1 -10 -21 0 0 90 0 wall 1 1.000000
22
 1 -6 -21 0 0 90 0 wall 1 1.000000
23
 1 -4 -21 0 0 90 0 wall 1 1.000000
26
 1 2 -21 0 0 90 0 wall 1 1.000000
27
 1 4 -21 0 0 90 0 wall 1 1.000000
29
 1 8 -21 0 0 90 0 wall 1 1.000000
30
 1 -10 -19 0 0 90 0 wall 1 1.000000
32
 1 -6 -19 0 0 90 0 wall 1 1.000000
37
 1 4 -19 0 0 90 0 wall 1 1.000000
39
 1 8 -19 0 0 90 0 wall 1 1.000000
40
 1 -10 -17 0 0 90 0 wall 1 1.000000
49
 1 8 -17 0 0 90 0 wall 1 1.000000
50
 1 -10 -15 0 0 90 0 wall 1 1.000000
59
 1 8 -15 0 0 90 0 wall 1 1.000000
60
 1 -10 -13 0 0 90 0 wall 1 1.000000
62
 1 -6 -13 0 0 90 0 pellet 1 0.500000
63
 1 -4 -13 0 0 90 0 wall 1 1.000000
66
 1 2 -13 0 0 90 0 wall 1 1.000000
67
 1 4 -13 0 0 90 0 pellet 1 0.500000
69
 1 8 -13 0 0 90 0 wall 1 1.000000
70
 1 -10 -11 0 0 90 0 wall 1 1.000000
72
 1 -6 -11 0 0 90 0 pellet 1 0.500000
73
 1 -4 -11 0 0 90 0 wall 1 1.000000
74
 1 -2 -11 0 0 90 0 ghost 1 0.500000
75
 1 0 -11 0 0 90 0 ghost 1 0.500000
76
 1 2 -11 0 0 90 0 wall 1 1.000000
77
 1 4 -11 0 0 90 0 pellet 1 0.500000
79
 1 8 -11 0 0 90 0 wall 1 1.000000
80
 1 -10 -9 0 0 90 0 wall 1 1.000000
82
 1 -6 -9 0 0 90 0 pellet 1 0.500000
83
 1 -4 -9 0 0 90 0 wall 1 1.000000
84
 1 -2 -9 0 0 90 0 ghost 1 0.500000
85
 1 0 -9 0 0 90 0 ghost 1 0.500000
86
 1 2 -9 0 0 90 0 wall 1 1.000000
87
 1 4 -9 0 0 90 0 pellet 1 0.500000
89
 1 8 -9 0 0 90 0 wall 1 1.000000
90
 1 -10 -7 0 0 90 0 wall 1 1.000000
92
 1 -6 -7 0 0 90 0 pellet 1 0.500000
93
 1 -4 -7 0 0 90 0 wall 1 1.000000
94
 1 -2 -7 0 0 90 0 wall 1 1.000000
95
 1 0 -7 0 0 90 0 wall 1 1.000000
96
 1 2 -7 0 0 90 0 wall 1 1.000000
97
 1 4 -7 0 0 90 0 pellet 1 0.500000
99
 1 8 -7 0 0 90 0 wall 1 1.000000
100
 1 -10 -5 0 0 90 0 wall 1 1.000000
109
 1 8 -5 0 0 90 0 wall 1 1.000000
110
 1 -10 -3 0 0 90 0 wall 1 1.000000
112
 1 -6 -3 0 0 90 0 wall 1 1.000000
113
 1 -4 -3 0 0 90 0 wall 1 1.000000
116
 1 2 -3 0 0 90 0 wall 1 1.000000
117
 1 4 -3 0 0 90 0 wall 1 1.000000
119
 1 8 -3 0 0 90 0 wall 1 1.000000
120
 1 -10 -1 0 0 90 0 wall 1 1.000000
122
 1 -6 -1 0 0 90 0 wall 1 1.000000
123
 1 -4 -1 0 0 90 0 pellet 1 0.500000
124
 1 -2 -1 0 0 90 0 pellet 1 0.500000
125
 1 0 -1 0 0 90 0 pellet 1 0.500000
126
 1 2 -1 0 0 90 0 pellet 1 0.500000
127
 1 4 -1 0 0 90 0 wall 1 1.000000
129
 1 8 -1 0 0 90 0 wall 1 1.000000
130
 1 -10 1 0 0 90 0 wall 1 1.000000
132
 1 -6 1 0 0 90 0 wall 1 1.000000
133
 1 -4 1 0 0 90 0 pellet 1 0.500000
134
 1 -2 1 0 0 90 0 wall 1 1.000000
135
 1 0 1 0 0 90 0 wall 1 1.000000
136
 1 2 1 0 0 90 0 pellet 1 0.500000
137
 1 4 1 0 0 90 0 wall 1 1.000000
139
 1 8 1 0 0 90 0 wall 1 1.000000
140
 1 -10 3 0 0 90 0 wall 1 1.000000
142
 1 -6 3 0 0 90 0 wall 1 1.000000
143
 1 -4 3 0 0 90 0 pellet 1 0.500000
144
 1 -2 3 0 0 90 0 pellet 1 0.500000
145
 1 0 3 0 0 90 0 pellet 1 0.500000
146
 1 2 3 0 0 90 0 pellet 1 0.500000
147
 1 4 3 0 0 90 0 wall 1 1.000000
149
 1 8 3 0 0 90 0 wall 1 1.000000
150
 1 -10 5 0 0 90 0 wall 1 1.000000
152
 1 -6 5 0 0 90 0 wall 1 1.000000
153
 1 -4 5 0 0 90 0 wall 1 1.000000
156
 1 2 5 0 0 90 0 wall 1 1.000000
157
 1 4 5 0 0 90 0 wall 1 1.000000
159
 1 8 5 0 0 90 0 wall 1 1.000000
160
 1 -10 7 0 0 90 0 wall 1 1.000000
169
 1 8 7 0 0 90 0 wall 1 1.000000
170
 1 -10 9 0 0 90 0 wall 1 1.000000
172
 1 -6 9 0 0 90 0 pellet 1 0.500000
173
 1 -4 9 0 0 90 0 pellet 1 0.500000
174
 1 -2 9 0 0 90 0 pellet 1 0.500000
175
 1 0 9 0 0 90 0 pellet 1 0.500000
176
 1 2 9 0 0 90 0 pellet 1 0.500000
177
 1 4 9 0 0 90 0 pellet 1 0.500000
179
 1 8 9 0 0 90 0 wall 1 1.000000
180
 1 -10 11 0 0 90 0 wall 1 1.000000
182
 1 -6 11 0 0 90 0 wall 1 1.000000
183
 1 -4 11 0 0 90 0 wall 1 1.000000
184
 1 -2 11 0 0 90 0 wall 1 1.000000
185
 1 0 11 0 0 90 0 wall 1 1.000000
186
 1 2 11 0 0 90 0 wall 1 1.000000
187
 1 4 11 0 0 90 0 wall 1 1.000000
189
 1 8 11 0 0 90 0 wall 1 1.000000
190
 1 -10 13 0 0 90 0 wall 1 1.000000
199
 1 8 13 0 0 90 0 wall 1 1.000000
200
 1 -10 15 0 0 90 0 wall 1 1.000000
203
 1 -4 15 0 0 90 0 pellet 1 0.500000
204
 1 -2 15 0 0 90 0 wall 1 1.000000
205
 1 0 15 0 0 90 0 wall 1 1.000000
206
 1 2 15 0 0 90 0 pellet 1 0.500000
209
 1 8 15 0 0 90 0 wall 1 1.000000
210
 1 -10 17 0 0 90 0 wall 1 1.000000
213
 1 -4 17 0 0 90 0 wall 1 1.000000
214
 1 -2 17 0 0 90 0 wall 1 1.000000
215
 1 0 17 0 0 90 0 wall 1 1.000000
216
 1 2 17 0 0 90 0 wall 1 1.000000
219
 1 8 17 0 0 90 0 wall 1 1.000000
220
 1 -10 19 0 0 90 0 wall 1 1.000000
223
 1 -4 19 0 0 90 0 pellet 1 0.500000
224
 1 -2 19 0 0 90 0 wall 1 1.000000
225
 1 0 19 0 0 90 0 wall 1 1.000000
226
 1 2 19 0 0 90 0 pellet 1 0.500000
229
 1 8 19 0 0 90 0 wall 1 1.000000
230
 1 -10 21 0 0 90 0 wall 1 1.000000
239
 1 8 21 0 0 90 0 wall 1 1.000000
240
 1 -10 23 0 0 90 0 wall 1 1.000000
241
 1 -8 23 0 0 90 0 wall 1 1.000000
242
 1 -6 23 0 0 90 0 wall 1 1.000000
243
 1 -4 23 0 0 90 0 wall 1 1.000000
244
 1 -2 23 0 0 90 0 wall 1 1.000000
245
 1 0 23 0 0 90 0 wall 1 1.000000
246
 1 2 23 0 0 90 0 wall 1 1.000000
247
 1 4 23 0 0 90 0 wall 1 1.000000
248
 1 6 23 0 0 90 0 wall 1 1.000000
249
 1 8 23 0 0 90 0 wall 1 1.000000
